# Граф для навигационной системы (Тема 17)
# 100 перекрёстков, 300 дорог
# Формат: V <id> <x> <y> <название>
# Формат: E <from> <to> <длина_в_км>

# === ВЕРШИНЫ (100 шт.) ===
V 1 120 85 Центр
V 2 245 92 Север-1
V 3 370 88 Север-2
V 4 495 95 Север-3
V 5 620 82 Север-4
V 6 745 90 Север-5
V 7 870 87 Север-6
V 8 115 180 Запад-1
V 9 240 175 Запад-2
V 10 365 182 Запад-3
V 11 490 178 Запад-4
V 12 615 185 Запад-5
V 13 740 172 Запад-6
V 14 865 180 Запад-7
V 15 125 275 Юг-1
V 16 250 268 Юг-2
V 17 375 272 Юг-3
V 18 500 265 Юг-4
V 19 625 278 Юг-5
V 20 750 270 Юг-6
V 21 875 275 Юг-7
V 22 118 370 Восток-1
V 23 243 365 Восток-2
V 24 368 372 Восток-3
V 25 493 368 Восток-4
V 26 618 375 Восток-5
V 27 743 362 Восток-6
V 28 868 370 Восток-7
V 29 122 465 Район-А1
V 30 247 458 Район-А2
V 31 372 462 Район-А3
V 32 497 455 Район-А4
V 33 622 468 Район-А5
V 34 747 460 Район-А6
V 35 872 465 Район-А7
V 36 116 560 Район-Б1
V 37 241 553 Район-Б2
V 38 366 557 Район-Б3
V 39 491 550 Район-Б4
V 40 616 563 Район-Б5
V 41 741 555 Район-Б6
V 42 866 560 Район-Б7
V 43 124 655 Парк-1
V 44 249 648 Парк-2
V 45 374 652 Парк-3
V 46 499 645 Парк-4
V 47 624 658 Парк-5
V 48 749 650 Парк-6
V 49 874 655 Парк-7
V 50 119 750 Промзона-1
V 51 244 743 Промзона-2
V 52 369 747 Промзона-3
V 53 494 740 Промзона-4
V 54 619 753 Промзона-5
V 55 744 745 Промзона-6
V 56 869 750 Промзона-7
V 57 180 120 Площадь-1
V 58 305 115 Площадь-2
V 59 430 122 Площадь-3
V 60 555 118 Площадь-4
V 61 680 125 Площадь-5
V 62 805 112 Площадь-6
V 63 175 215 Мост-1
V 64 300 208 Мост-2
V 65 425 212 Мост-3
V 66 550 205 Мост-4
V 67 675 218 Мост-5
V 68 800 210 Мост-6
V 69 182 305 Тоннель-1
V 70 307 298 Тоннель-2
V 71 432 302 Тоннель-3
V 72 557 295 Тоннель-4
V 73 682 308 Тоннель-5
V 74 807 300 Тоннель-6
V 75 178 395 Кольцо-1
V 76 303 388 Кольцо-2
V 77 428 392 Кольцо-3
V 78 553 385 Кольцо-4
V 79 678 398 Кольцо-5
V 80 803 390 Кольцо-6
V 81 185 485 Развязка-1
V 82 310 478 Развязка-2
V 83 435 482 Развязка-3
V 84 560 475 Развязка-4
V 85 685 488 Развязка-5
V 86 810 480 Развязка-6
V 87 172 575 Станция-1
V 88 297 568 Станция-2
V 89 422 572 Станция-3
V 90 547 565 Станция-4
V 91 672 578 Станция-5
V 92 797 570 Станция-6
V 93 188 665 Аэропорт
V 94 313 658 Вокзал
V 95 438 662 Порт
V 96 563 655 Университет
V 97 688 668 Больница
V 98 813 660 Рынок
V 99 450 50 Центр-2
V 100 450 800 Центр-3

# === РЁБРА (300 шт.) ===
# Связность: горизонтальные линии
E 1 2 12,5
E 2 3 11,8
E 3 4 13,2
E 4 5 12,0
E 5 6 11,5
E 6 7 13,8
E 8 9 10,5
E 9 10 12,3
E 10 11 11,0
E 11 12 13,5
E 12 13 10,8
E 13 14 12,7
E 15 16 14,2
E 16 17 11,3
E 17 18 13,0
E 18 19 10,9
E 19 20 12,8
E 20 21 11,6
E 22 23 13,4
E 23 24 10,7
E 24 25 12,9
E 25 26 11,4
E 26 27 13,1
E 27 28 10,6
E 29 30 12,4
E 30 31 11,9
E 31 32 13,3
E 32 33 10,4
E 33 34 12,6
E 34 35 11,7
E 36 37 13,6
E 37 38 10,3
E 38 39 12,2
E 39 40 11,1
E 40 41 13,7
E 41 42 10,2
E 43 44 12,1
E 44 45 11,2
E 45 46 13,9
E 46 47 10,1
E 47 48 12,0
E 48 49 11,0
E 50 51 13,0
E 51 52 10,0
E 52 53 12,5
E 53 54 11,5
E 54 55 13,5
E 55 56 10,5
E 57 58 14,0
E 58 59 11,8
E 59 60 13,2
E 60 61 10,8
E 61 62 12,4
E 63 64 11,3
E 64 65 13,8
E 65 66 10,7
E 66 67 12,9
E 67 68 11,6
E 69 70 13,1
E 70 71 10,4
E 71 72 12,7
E 72 73 11,9
E 73 74 13,4
E 75 76 10,6
E 76 77 12,3
E 77 78 11,4
E 78 79 13,6
E 79 80 10,9
E 81 82 12,8
E 82 83 11,7
E 83 84 13,3
E 84 85 10,2
E 85 86 12,6
E 87 88 11,1
E 88 89 13,7
E 89 90 10,3
E 90 91 12,2
E 91 92 11,5
E 93 94 14,5
E 94 95 12,0
E 95 96 13,0
E 96 97 11,0
E 97 98 14,0
# Вертикальные связи
E 1 8 15,0
E 8 15 14,5
E 15 22 15,5
E 22 29 14,0
E 29 36 15,2
E 36 43 14,8
E 43 50 15,8
E 2 9 14,2
E 9 16 14,7
E 16 23 15,0
E 23 30 14,3
E 30 37 15,5
E 37 44 14,9
E 44 51 15,3
E 3 10 14,8
E 10 17 14,4
E 17 24 15,1
E 24 31 14,6
E 31 38 15,4
E 38 45 14,1
E 45 52 15,6
E 4 11 14,1
E 11 18 14,9
E 18 25 15,3
E 25 32 14,5
E 32 39 15,0
E 39 46 14,7
E 46 53 15,9
E 5 12 14,6
E 12 19 14,2
E 19 26 15,7
E 26 33 14,4
E 33 40 15,1
E 40 47 14,8
E 47 54 15,2
E 6 13 14,3
E 13 20 14,0
E 20 27 15,4
E 27 34 14,9
E 34 41 15,6
E 41 48 14,3
E 48 55 15,0
E 7 14 14,7
E 14 21 14,5
E 21 28 15,2
E 28 35 14,1
E 35 42 15,8
E 42 49 14,6
E 49 56 15,4
# Диагональные связи для альтернативных путей
E 1 9 18,5
E 2 10 17,8
E 3 11 19,2
E 4 12 18,0
E 5 13 17,5
E 8 16 16,5
E 9 17 18,3
E 10 18 17,0
E 11 19 19,5
E 12 20 16,8
E 15 23 18,2
E 16 24 17,3
E 17 25 19,0
E 18 26 16,9
E 19 27 18,8
E 22 30 17,4
E 23 31 19,4
E 24 32 16,4
E 25 33 18,6
E 26 34 17,6
E 29 37 19,6
E 30 38 16,3
E 31 39 18,9
E 32 40 17,9
E 33 41 19,1
E 36 44 16,6
E 37 45 18,4
E 38 46 17,1
E 39 47 19,3
E 40 48 16,0
E 43 51 18,7
E 44 52 17,7
E 45 53 19,8
E 46 54 16,7
E 47 55 18,1
E 50 58 17,2
E 51 59 19,7
E 52 60 16,2
E 53 61 18,0
E 54 62 17,0
# Связи с площадями и мостами
E 1 57 10,5
E 57 2 11,2
E 57 58 9,8
E 58 59 10,3
E 59 60 11,5
E 60 61 9,5
E 61 62 10,8
E 62 7 11,0
E 8 63 12,5
E 63 64 11,8
E 64 65 13,2
E 65 66 12,0
E 66 67 11,5
E 67 68 13,8
E 68 14 10,5
E 15 69 14,2
E 69 70 11,3
E 70 71 13,0
E 71 72 10,9
E 72 73 12,8
E 73 74 11,6
E 74 21 13,4
E 22 75 10,7
E 75 76 12,9
E 76 77 11,4
E 77 78 13,1
E 78 79 10,6
E 79 80 12,4
E 80 28 11,9
E 29 81 13,3
E 81 82 10,4
E 82 83 12,6
E 83 84 11,7
E 84 85 13,6
E 85 86 10,3
E 86 35 12,2
E 36 87 11,1
E 87 88 13,7
E 88 89 10,2
E 89 90 12,8
E 90 91 11,7
E 91 92 13,3
E 92 42 10,2
E 43 93 12,6
E 93 94 11,1
E 94 95 13,7
E 95 96 10,3
E 96 97 12,2
E 97 98 11,5
E 98 49 14,5
# Центральные связи
E 57 63 8,5
E 63 69 9,2
E 69 75 8,8
E 75 81 9,5
E 81 87 8,3
E 87 93 9,0
E 58 64 8,7
E 64 70 9,4
E 70 76 8,9
E 76 82 9,6
E 82 88 8,4
E 88 94 9,1
E 59 65 8,6
E 65 71 9,3
E 71 77 8,7
E 77 83 9,7
E 83 89 8,2
E 89 95 9,2
E 60 66 8,8
E 66 72 9,1
E 72 78 8,5
E 78 84 9,8
E 84 90 8,1
E 90 96 9,3
E 61 67 8,9
E 67 73 9,0
E 73 79 8,4
E 79 85 9,9
E 85 91 8,0
E 91 97 9,4
E 62 68 8,1
E 68 74 9,8
E 74 80 8,3
E 80 86 10,0
E 86 92 7,9
E 92 98 9,5
# Кольцевые связи
E 1 99 25,0
E 99 7 24,5
E 7 98 26,0
E 98 56 25,5
E 56 49 24,0
E 49 42 26,5
E 42 35 25,2
E 35 28 24,8
E 28 21 26,2
E 21 14 25,8
E 14 50 24,3
E 50 43 26,8
E 43 36 25,1
E 36 29 24,7
E 29 22 26,3
E 22 15 25,9
E 15 8 24,4
E 8 1 26,9
# Дополнительные случайные связи для плотности
E 3 57 22,5
E 6 62 21,8
E 10 58 23,2
E 13 61 22,0
E 17 63 21,5
E 20 68 23,5
E 24 64 22,8
E 27 67 21,3
E 31 65 23,8
E 34 66 22,3
E 38 69 21,0
E 41 74 24,0
E 45 70 22,6
E 48 73 21,6
E 52 71 23,3
E 55 72 22,1
E 59 75 21,4
E 62 76 24,2
E 66 77 22,9
E 69 78 21,9
E 73 79 23,6
E 76 80 22,4
E 80 81 21,2
E 83 84 24,5
E 86 87 23,0
E 89 90 22,2
E 92 93 23,9
E 95 96 22,7
E 98 99 21,7
E 100 93 28,0
E 100 94 27,5
E 100 95 28,5
E 100 96 27,0
E 100 97 29,0
E 100 98 26,5
E 50 100 30,0
E 51 100 29,5
E 52 100 30,5
E 53 100 29,0
E 54 100 31,0
E 55 100 28,5
E 1 100 32,0
E 7 100 31,5
E 14 50 30,2
E 21 43 29,8
E 28 36 30,8
E 35 29 29,3
E 42 22 31,2
E 49 15 30,7
E 56 8 31,8
E 2 57 19,5
E 5 62 20,8
E 9 58 19,2
E 12 61 20,3
E 16 63 19,8
E 19 68 21,0
E 23 64 19,4
E 26 67 20,6
E 30 65 19,0
E 33 66 21,2
E 37 69 19,6
E 40 74 20,9
E 44 70 19,3
E 47 73 20,4
E 51 71 19,9
E 54 72 21,4
E 58 75 19,1
E 61 76 20,7
E 65 77 19,7
E 68 78 21,1
E 72 79 19,5
E 75 80 20,2
E 79 81 19,8
E 82 83 21,3
E 85 86 19,4
E 88 89 20,5
E 91 92 19,6
E 94 95 21,5
E 97 98 19,2